desc: I1 cache:         65536 B, 64 B, 4-way associative
desc: D1 cache:         32768 B, 64 B, 8-way associative
desc: LL cache:         16777216 B, 64 B, 16-way associative
cmd: ./zig-out/x86_64-linux-gnu-release-fast/ribboni
events: Ir I1mr ILmr Dr D1mr DLmr Dw D1mw DLmw Bc Bcm Bi Bim
fl=/home/nox/.zvm/master/lib/compiler_rt/float_from_int.zig
fn=__floattidf
0 4 0 0 0 0 0 0 0 0 0 0 0 0
5 3 1 1 0 0 0 0 0 0 1 0 0 0
21 8 1 1 0 0 0 0 0 0 0 0 0 0
22 1 0 0 0 0 0 0 0 0 0 0 0 0
26 10 1 1 0 0 0 0 0 0 0 0 0 0
27 2 0 0 0 0 0 0 0 0 1 0 0 0
31 2 0 0 0 0 0 0 0 0 0 0 0 0
32 1 0 0 0 0 0 0 0 0 0 0 0 0
48 5 2 2 0 0 0 0 0 0 0 0 0 0
53 2 0 0 0 0 0 0 0 0 0 0 0 0
fl=/home/nox/.zvm/master/lib/compiler_rt/floattidf.zig
fn=__floattidf
16 1 0 0 1 0 0 0 0 0 0 0 0 0
fl=/home/nox/.zvm/master/lib/compiler_rt/memcpy.zig
fn=memcpy
0 655571394 0 0 0 0 0 0 0 0 0 0 0 0
11 155081413 1 1 0 0 0 0 0 0 0 0 0 0
14 310162826 0 0 0 0 0 0 0 0 155081413 10 0 0
19 993930824 1 1 496965412 2 0 496965412 23 23 0 0 0 0
21 1709420034 0 0 0 0 0 0 0 0 606227311 37938348 0 0
27 155081413 1 1 155081413 0 0 0 0 0 0 0 0 0
fl=/home/nox/.zvm/master/lib/compiler_rt/memset.zig
fn=memset
0 3 0 0 0 0 0 0 0 0 0 0 0 0
12 5 1 1 0 0 0 0 0 0 0 0 0 0
15 10 0 0 0 0 0 0 0 0 5 2 0 0
19 653 0 0 0 0 0 260 67 67 131 15 0 0
21 56 2 2 0 0 0 0 0 0 11 8 0 0
26 5 1 1 5 0 0 0 0 0 0 0 0 0
fl=/home/nox/.zvm/master/lib/std/array_hash_map.zig
fn=BlockBuilder.call_v__anon_96218
701 4 0 0 4 0 0 0 0 0 0 0 0 0
fn=FunctionBuilder.typecheck
0 76 1 1 19 0 0 0 0 0 0 0 0 0
701 38 0 0 38 0 0 0 0 0 0 0 0 0
fn=array_hash_map.ArrayHashMapUnmanaged(root.Type,void,Support.SimpleHashContext,true).checkedHash__anon_98283
1888 24 1 1 0 0 0 24 0 0 0 0 0 0
1891 36 1 1 36 0 0 0 0 0 0 0 0 0
fn=array_hash_map.ArrayHashMapUnmanaged(root.Type,void,Support.SimpleHashContext,true).ensureTotalCapacityContext
0 25 2 2 13 0 0 0 0 0 0 0 0 0
872 20 1 1 0 0 0 0 0 0 10 2 0 0
877 6 0 0 2 0 0 0 0 0 2 1 0 0
878 13 1 1 1 0 0 7 0 0 1 1 0 0
879 1 0 0 0 0 0 0 0 0 0 0 0 0
884 3 0 0 0 0 0 1 0 0 1 0 0 0
888 3 0 0 1 0 0 0 0 0 1 1 0 0
890 2 1 1 0 0 0 1 0 0 0 0 0 0
1844 5 1 1 0 0 0 0 0 0 2 0 0 0
1855 1 0 0 0 0 0 0 0 0 1 1 0 0
1963 14 2 2 0 0 0 0 0 0 0 0 0 0
1972 5 0 0 0 0 0 0 0 0 2 0 0 0
2080 1 0 0 1 0 0 0 0 0 0 0 0 0
2090 4 0 0 0 0 0 0 0 0 1 0 0 0
2091 1 0 0 0 0 0 0 0 0 0 0 0 0
2092 5 0 0 1 1 1 0 0 0 0 0 0 0
2093 4 0 0 0 0 0 0 0 0 0 0 0 0
2094 1 0 0 0 0 0 0 0 0 0 0 0 0
2103 2 0 0 0 0 0 0 0 0 0 0 0 0
2105 6 0 0 0 0 0 1 0 0 0 0 0 0
2107 1 0 0 0 0 0 1 0 0 0 0 0 0
fn=array_hash_map.ArrayHashMapUnmanaged(root.Type,void,Support.SimpleHashContext,true).getIndexAdapted__anon_97323
0 70 1 1 41 0 0 6 0 0 0 0 0 0
1042 27 1 1 0 0 0 18 0 0 0 0 0 0
1043 15 0 0 3 0 0 6 1 1 3 0 0 0
1056 21 1 1 3 0 0 3 0 0 6 0 0 0
1058 15 1 1 6 0 0 6 0 0 0 0 0 0
1064 5 1 1 0 0 0 2 0 0 0 0 0 0
1819 6 0 0 0 0 0 3 0 0 0 0 0 0
1831 3 0 0 3 0 0 0 0 0 0 0 0 0
1832 11 0 0 0 0 0 2 0 0 3 1 0 0
1836 4 1 1 2 0 0 0 0 0 0 0 0 0
1837 10 0 0 2 0 0 0 0 0 4 2 0 0
1963 21 0 0 0 0 0 0 0 0 0 0 0 0
2018 3 1 1 0 0 0 0 0 0 0 0 0 0
2064 6 0 0 0 0 0 0 0 0 0 0 0 0
fn=array_hash_map.ArrayHashMapUnmanaged(root.Type,void,Support.SimpleHashContext,true).put
0 126 3 3 36 0 0 9 0 0 0 0 0 0
756 18 0 0 0 0 0 0 0 0 9 3 0 0
757 54 0 0 27 0 0 27 6 6 0 0 0 0
767 45 0 0 9 0 0 9 0 0 9 4 0 0
809 36 2 2 9 0 0 9 0 0 9 0 0 0
840 63 1 1 9 0 0 0 0 0 18 0 0 0
925 81 1 1 0 0 0 63 0 0 0 0 0 0
928 81 0 0 63 0 0 0 0 0 0 0 0 0
1709 18 1 1 0 0 0 9 0 0 0 0 0 0
1720 9 0 0 9 0 0 0 0 0 0 0 0 0
1725 9 0 0 0 0 0 0 0 0 9 3 0 0
1727 9 0 0 0 0 0 9 0 0 0 0 0 0
1729 18 0 0 9 0 0 9 0 0 0 0 0 0
1733 9 0 0 0 0 0 9 2 2 0 0 0 0
1735 9 0 0 0 0 0 9 0 0 0 0 0 0
1737 27 0 0 0 0 0 0 0 0 0 0 0 0
1963 63 0 0 0 0 0 0 0 0 0 0 0 0
2018 9 0 0 0 0 0 0 0 0 0 0 0 0
2064 18 0 0 0 0 0 0 0 0 0 0 0 0
fn=ribboni.main
0 1 0 0 0 0 0 0 0 0 0 0 0 0
701 8 1 1 7 0 0 0 0 0 0 0 0 0
866 2 0 0 0 0 0 1 0 0 0 0 0 0
1037 6 1 1 2 0 0 2 0 0 0 0 0 0
1040 3 0 0 0 0 0 1 0 0 0 0 0 0
2105 6 0 0 0 0 0 1 0 0 0 0 0 0
2107 1 0 0 0 0 0 1 0 0 0 0 0 0
fn=root.globalNative__anon_96161
1037 12 1 1 4 0 0 4 0 0 0 0 0 0
1040 4 0 0 0 0 0 2 0 0 0 0 0 0
fl=/home/nox/.zvm/master/lib/std/array_list.zig
fn=BlockBuilder.call_v__anon_96218
0 20 0 0 16 0 0 0 0 0 0 0 0 0
875 16 1 1 2 0 0 10 2 2 0 0 0 0
1136 4 0 0 2 0 0 0 0 0 0 0 0 0
1137 6 0 0 0 0 0 2 0 0 2 0 0 0
1146 2 0 0 2 0 0 0 0 0 0 0 0 0
1148 4 0 0 0 0 0 2 0 0 0 0 0 0
1149 4 0 0 2 0 0 0 0 0 0 0 0 0
fn=BlockBuilder.i_sub64
875 10 1 1 0 0 0 8 0 0 0 0 0 0
1136 4 0 0 2 0 0 0 0 0 0 0 0 0
1137 6 0 0 0 0 0 2 0 0 2 0 0 0
1146 2 0 0 2 0 0 0 0 0 0 0 0 0
1148 4 0 0 0 0 0 2 0 0 0 0 0 0
1149 4 0 0 2 0 0 0 0 0 0 0 0 0
fn=Encoder.encodeInline__anon_106152
0 8 0 0 0 0 0 0 0 0 0 0 0 0
915 8 0 0 0 0 0 0 0 0 4 0 0 0
922 4 1 1 4 0 0 0 0 0 0 0 0 0
923 4 0 0 0 0 0 0 0 0 0 0 0 0
925 4 0 0 0 0 0 4 0 0 0 0 0 0
926 12 0 0 4 0 0 4 0 0 0 0 0 0
1122 10 0 0 4 0 0 4 0 0 0 0 0 0
1255 16 1 1 0 0 0 8 0 0 0 0 0 0
1256 8 0 0 0 0 0 0 0 0 4 0 0 0
fn=Encoder.encodeInline__anon_106162
0 4 0 0 0 0 0 0 0 0 0 0 0 0
915 4 0 0 0 0 0 0 0 0 2 0 0 0
922 2 0 0 2 0 0 0 0 0 0 0 0 0
923 2 0 0 0 0 0 0 0 0 0 0 0 0
925 2 0 0 0 0 0 2 0 0 0 0 0 0
926 6 0 0 2 0 0 2 0 0 0 0 0 0
1122 4 0 0 2 0 0 2 0 0 0 0 0 0
1255 8 0 0 0 0 0 4 0 0 0 0 0 0
1256 4 0 0 0 0 0 0 0 0 2 0 0 0
fn=Encoder.encodeInline__anon_106168
0 5 0 0 0 0 0 0 0 0 0 0 0 0
915 6 1 1 0 0 0 0 0 0 3 0 0 0
922 3 1 1 3 0 0 0 0 0 0 0 0 0
923 3 0 0 0 0 0 0 0 0 0 0 0 0
925 3 0 0 0 0 0 3 0 0 0 0 0 0
926 8 1 1 3 0 0 3 0 0 0 0 0 0
1122 8 0 0 3 0 0 3 0 0 0 0 0 0
1255 12 1 1 0 0 0 6 0 0 0 0 0 0
1256 6 0 0 0 0 0 0 0 0 3 0 0 0
fn=Encoder.encodeInline__anon_106180
0 20 0 0 0 0 0 0 0 0 0 0 0 0
915 24 1 1 0 0 0 0 0 0 12 0 0 0
922 12 0 0 12 0 0 0 0 0 0 0 0 0
923 12 1 1 0 0 0 0 0 0 0 0 0 0
925 12 0 0 0 0 0 12 0 0 0 0 0 0
926 32 0 0 12 0 0 12 1 1 0 0 0 0
1122 32 0 0 12 0 0 12 0 0 0 0 0 0
1255 48 1 1 0 0 0 24 0 0 0 0 0 0
1256 24 0 0 0 0 0 0 0 0 12 0 0 0
fn=Encoder.encodeInline__anon_109815
0 4 0 0 0 0 0 0 0 0 0 0 0 0
875 6 0 0 0 0 0 6 0 0 0 0 0 0
915 8 1 1 0 0 0 0 0 0 4 0 0 0
922 4 1 1 4 0 0 0 0 0 0 0 0 0
923 4 0 0 0 0 0 0 0 0 0 0 0 0
925 4 0 0 0 0 0 4 0 0 0 0 0 0
926 8 0 0 4 0 0 4 0 0 0 0 0 0
1122 14 0 0 4 0 0 4 0 0 0 0 0 0
1136 12 1 1 6 0 0 0 0 0 0 0 0 0
1137 30 0 0 0 0 0 6 0 0 6 0 0 0
1146 6 0 0 6 0 0 0 0 0 0 0 0 0
1148 12 0 0 0 0 0 6 0 0 0 0 0 0
1149 6 0 0 6 0 0 0 0 0 0 0 0 0
1255 16 0 0 0 0 0 8 0 0 0 0 0 0
1256 8 0 0 0 0 0 0 0 0 4 0 0 0
fn=Encoder.encode__anon_101856
0 20 0 0 0 0 0 0 0 0 0 0 0 0
915 20 0 0 0 0 0 0 0 0 10 0 0 0
922 10 0 0 10 0 0 0 0 0 0 0 0 0
923 10 0 0 0 0 0 0 0 0 0 0 0 0
925 10 0 0 0 0 0 10 0 0 0 0 0 0
926 20 0 0 10 0 0 10 1 1 0 0 0 0
1122 20 0 0 10 0 0 10 0 0 0 0 0 0
1255 40 1 1 0 0 0 20 0 0 0 0 0 0
1256 20 0 0 0 0 0 0 0 0 10 0 0 0
fn=array_list.ArrayListAlignedUnmanaged(*root.Function,null).ensureTotalCapacity
0 24 1 1 14 0 0 1 0 0 0 0 0 0
1080 14 1 1 0 0 0 12 0 0 0 0 0 0
1081 6 0 0 2 0 0 0 0 0 2 1 0 0
1103 1 0 0 1 0 0 0 0 0 0 0 0 0
1104 2 0 0 2 0 0 0 0 0 0 0 0 0
1108 5 0 0 2 0 0 1 0 0 0 0 0 0
1110 1 0 0 0 0 0 1 0 0 0 0 0 0
1247 40 1 1 0 0 0 0 0 0 0 0 0 0
1248 16 0 0 0 0 0 0 0 0 8 7 0 0
fn=array_list.ArrayListAlignedUnmanaged(ISA.Op__union_95925,null).ensureTotalCapacity
0 108 1 1 70 0 0 3 0 0 0 0 0 0
1080 70 0 0 0 0 0 60 0 0 0 0 0 0
1081 30 0 0 10 0 0 0 0 0 10 7 0 0
1103 3 0 0 3 0 0 0 0 0 0 0 0 0
1104 6 0 0 6 0 0 0 0 0 0 0 0 0
1108 15 1 1 6 0 0 3 0 0 0 0 0 0
1110 3 0 0 0 0 0 3 0 0 0 0 0 0
1247 120 1 1 0 0 0 0 0 0 0 0 0 0
1248 48 0 0 0 0 0 0 0 0 24 16 0 0
fn=array_list.ArrayListAlignedUnmanaged(root.Global,null).ensureTotalCapacity
0 33 0 0 21 0 0 1 0 0 0 0 0 0
1080 21 0 0 0 0 0 18 0 0 0 0 0 0
1081 9 0 0 3 0 0 0 0 0 3 2 0 0
1103 1 0 0 1 0 0 0 0 0 0 0 0 0
1104 2 0 0 2 0 0 0 0 0 0 0 0 0
1108 6 0 0 2 0 0 1 0 0 0 0 0 0
1110 1 0 0 0 0 0 1 0 0 0 0 0 0
1247 40 1 1 0 0 0 0 0 0 0 0 0 0
1248 16 0 0 0 0 0 0 0 0 8 7 0 0
fn=array_list.ArrayListAlignedUnmanaged(u8,null).ensureTotalCapacity
0 437 2 2 287 0 0 5 0 0 0 0 0 0
1080 287 1 1 0 0 0 246 0 0 0 0 0 0
1081 123 0 0 41 0 0 0 0 0 41 27 0 0
1103 5 0 0 5 0 0 0 0 0 0 0 0 0
1104 18 0 0 10 0 0 0 0 0 4 2 0 0
1108 4 0 0 2 0 0 1 0 0 0 0 0 0
1110 1 0 0 0 0 0 1 0 0 0 0 0 0
1247 25 1 1 0 0 0 0 0 0 0 0 0 0
1248 10 0 0 0 0 0 0 0 0 5 0 0 0
fn=ribboni.main
0 27 2 2 13 0 0 5 0 0 0 0 0 0
710 2 1 1 2 0 0 0 0 0 0 0 0 0
711 7 1 1 3 0 0 0 0 0 2 2 0 0
712 3 1 1 2 0 0 1 0 0 0 0 0 0
713 3 1 1 1 0 0 2 0 0 0 0 0 0
875 17 1 1 4 0 0 13 1 1 0 0 0 0
883 8 0 0 1 0 0 7 1 1 0 0 0 0
926 8 0 0 4 0 0 2 0 0 0 0 0 0
1001 10 0 0 0 0 0 2 0 0 0 0 0 0
1081 8 0 0 2 0 0 0 0 0 4 2 0 0
1104 6 0 0 4 0 0 0 0 0 1 0 0 0
1108 2 0 0 0 0 0 1 0 0 0 0 0 0
1136 8 1 1 4 0 0 0 0 0 0 0 0 0
1137 12 1 1 0 0 0 4 0 0 4 0 0 0
1146 7 1 1 7 0 0 0 0 0 0 0 0 0
1148 23 7 7 3 0 0 10 0 0 0 0 0 0
1149 13 1 1 10 0 0 0 0 0 0 0 0 0
1247 12 1 1 0 0 0 0 0 0 0 0 0 0
1248 4 0 0 2 0 0 0 0 0 2 0 0 0
1255 18 1 1 4 0 0 10 0 0 0 0 0 0
1256 8 0 0 2 0 0 0 0 0 4 0 0 0
fn=root.globalNative__anon_96161
875 6 0 0 0 0 0 6 0 0 0 0 0 0
1136 2 0 0 0 0 0 0 0 0 0 0 0 0
1137 8 0 0 0 0 0 2 0 0 2 0 0 0
1146 2 0 0 2 0 0 0 0 0 0 0 0 0
1148 4 0 0 0 0 0 2 0 0 0 0 0 0
1149 4 0 0 2 0 0 0 0 0 0 0 0 0
fl=/home/nox/.zvm/master/lib/std/fmt.zig
fn=fmt.formatBuf__anon_101367
1020 16 2 2 0 0 0 12 0 0 0 0 0 0
1021 8 0 0 2 2 1 4 0 0 2 2 0 0
fn=ribboni.main
0 9 0 0 2 0 0 2 0 0 0 0 0 0
126 4 0 0 2 0 0 0 0 0 0 0 0 0
188 4 0 0 0 0 0 0 0 0 2 0 0 0
789 1 0 0 0 0 0 1 0 0 0 0 0 0
792 4 0 0 1 0 0 1 0 0 0 0 0 0
1190 3 0 0 0 0 0 0 0 0 0 0 0 0
1198 35 1 1 0 0 0 0 0 0 4 2 0 0
1199 3 0 0 0 0 0 0 0 0 0 0 0 0
1200 3 0 0 0 0 0 3 0 0 0 0 0 0
1203 2 1 1 0 0 0 0 0 0 1 0 0 0
1204 1 0 0 0 0 0 0 0 0 0 0 0 0
1205 2 0 0 0 0 0 1 0 0 0 0 0 0
1221 2 1 1 1 0 0 0 0 0 1 1 0 0
1234 7 1 1 0 0 0 1 0 0 0 0 0 0
1245 4 0 0 4 3 3 0 0 0 0 0 0 0
fl=/home/nox/.zvm/master/lib/std/fmt/format_float.zig
fn=fmt.format_float.round__anon_106062
0 17 4 4 7 0 0 0 0 0 0 0 0 0
137 1 1 1 0 0 0 0 0 0 0 0 0 0
139 1 0 0 1 0 0 0 0 0 0 0 0 0
143 2 0 0 0 0 0 0 0 0 1 1 0 0
145 2 0 0 0 0 0 0 0 0 1 1 0 0
148 2 0 0 0 0 0 0 0 0 0 0 0 0
149 3 0 0 0 0 0 0 0 0 0 0 0 0
159 8 1 1 0 0 0 6 0 0 1 0 0 0
161 24 2 2 0 0 0 0 0 0 5 0 0 0
162 6 0 0 0 0 0 0 0 0 0 0 0 0
167 2 0 0 0 0 0 0 0 0 1 1 0 0
168 9 0 0 0 0 0 0 0 0 0 0 0 0
180 3 0 0 1 0 0 2 0 0 0 0 0 0
183 2 0 0 1 0 0 1 0 0 0 0 0 0
502 2 0 0 0 0 0 0 0 0 1 0 0 0
503 2 0 0 0 0 0 0 0 0 1 0 0 0
504 2 0 0 0 0 0 0 0 0 1 0 0 0
505 5 0 0 0 0 0 0 0 0 1 0 0 0
506 5 1 1 0 0 0 0 0 0 1 0 0 0
507 5 0 0 0 0 0 0 0 0 1 0 0 0
508 5 0 0 0 0 0 0 0 0 0 0 0 0
509 2 1 1 0 0 0 0 0 0 1 1 0 0
fn=ribboni.main
0 71 13 13 4 1 1 3 0 0 0 0 0 0
76 2 0 0 1 0 0 0 0 0 1 1 0 0
107 13 2 2 0 0 0 0 0 0 3 1 0 0
109 8 0 0 0 0 0 0 0 0 0 0 0 0
112 1 0 0 0 0 0 1 0 0 0 0 0 0
115 30 3 3 0 0 0 0 0 0 7 1 0 0
116 5 0 0 0 0 0 0 0 0 0 0 0 0
117 31 0 0 0 0 0 0 0 0 0 0 0 0
118 8 1 1 0 0 0 4 0 0 0 0 0 0
268 3 0 0 0 0 0 3 0 0 0 0 0 0
270 1 0 0 0 0 0 0 0 0 1 1 0 0
275 5 0 0 1 0 0 2 0 0 0 0 0 0
278 1 0 0 1 0 0 0 0 0 0 0 0 0
282 4 1 1 1 0 0 0 0 0 1 1 0 0
285 6 1 1 0 0 0 0 0 0 0 0 0 0
286 2 1 1 0 0 0 0 0 0 1 1 0 0
292 2 1 1 1 0 0 0 0 0 1 1 0 0
298 2 0 0 0 0 0 0 0 0 1 0 0 0
321 2 0 0 0 0 0 0 0 0 1 0 0 0
337 2 0 0 0 0 0 0 0 0 0 0 0 0
338 1 1 1 0 0 0 1 0 0 0 0 0 0
345 2 0 0 0 0 0 0 0 0 1 1 0 0
348 1 1 1 0 0 0 0 0 0 0 0 0 0
367 1 0 0 1 0 0 0 0 0 0 0 0 0
369 3 1 1 0 0 0 0 0 0 0 0 0 0
371 7 1 1 0 0 0 0 0 0 1 1 0 0
378 2 0 0 0 0 0 0 0 0 1 0 0 0
396 5 0 0 0 0 0 0 0 0 0 0 0 0
408 1 0 0 0 0 0 0 0 0 0 0 0 0
409 3 0 0 0 0 0 0 0 0 0 0 0 0
418 2 0 0 0 0 0 0 0 0 1 0 0 0
439 6 1 1 0 0 0 0 0 0 0 0 0 0
441 1 0 0 0 0 0 0 0 0 0 0 0 0
443 3 0 0 0 0 0 0 0 0 0 0 0 0
447 2 0 0 0 0 0 0 0 0 0 0 0 0
448 2 0 0 0 0 0 0 0 0 0 0 0 0
450 2 0 0 0 0 0 0 0 0 1 1 0 0
457 2 1 1 0 0 0 0 0 0 1 0 0 0
466 90 2 2 0 0 0 0 0 0 8 6 0 0
467 14 0 0 0 0 0 0 0 0 7 6 0 0
468 21 0 0 0 0 0 0 0 0 0 0 0 0
469 7 0 0 0 0 0 0 0 0 0 0 0 0
470 56 0 0 0 0 0 0 0 0 0 0 0 0
473 7 0 0 0 0 0 0 0 0 0 0 0 0
476 2 0 0 0 0 0 0 0 0 1 1 0 0
487 9 1 1 0 0 0 0 0 0 0 0 0 0
491 7 0 0 0 0 0 0 0 0 0 0 0 0
492 1 0 0 0 0 0 0 0 0 0 0 0 0
493 1 0 0 1 0 0 0 0 0 0 0 0 0
502 2 0 0 0 0 0 0 0 0 0 0 0 0
503 2 0 0 0 0 0 0 0 0 1 0 0 0
504 3 0 0 0 0 0 0 0 0 1 0 0 0
505 3 1 1 0 0 0 0 0 0 1 0 0 0
506 3 0 0 0 0 0 0 0 0 1 0 0 0
507 3 0 0 0 0 0 0 0 0 1 0 0 0
508 3 0 0 0 0 0 0 0 0 0 0 0 0
509 2 0 0 0 0 0 0 0 0 1 1 0 0
510 2 0 0 0 0 0 0 0 0 0 0 0 0
511 2 1 1 0 0 0 0 0 0 1 0 0 0
512 2 0 0 0 0 0 0 0 0 0 0 0 0
513 2 0 0 0 0 0 0 0 0 1 1 0 0
543 2 0 0 0 0 0 0 0 0 0 0 0 0
549 2 0 0 0 0 0 0 0 0 0 0 0 0
573 5 0 0 0 0 0 0 0 0 0 0 0 0
679 9 0 0 0 0 0 0 0 0 0 0 0 0
680 12 1 1 0 0 0 0 0 0 0 0 0 0
682 2 1 1 0 0 0 0 0 0 1 0 0 0
684 10 1 1 0 0 0 0 0 0 0 0 0 0
fl=/home/nox/.zvm/master/lib/std/fs/File.zig
fn=fs.File.write
1321 5 1 1 0 0 0 0 0 0 0 0 0 0
1326 35 1 1 15 0 0 20 0 0 0 0 0 0
fl=/home/nox/.zvm/master/lib/std/hash/fnv.zig
fn=array_hash_map.ArrayHashMapUnmanaged(root.Type,void,Support.SimpleHashContext,true).checkedHash__anon_98283
26 98 1 1 0 0 0 0 0 0 0 0 0 0
27 56 1 1 0 0 0 0 0 0 0 0 0 0
fl=/home/nox/.zvm/master/lib/std/heap/PageAllocator.zig
fn=heap.PageAllocator.alloc
0 30 0 0 12 0 0 0 0 0 0 0 0 0
17 6 1 1 0 0 0 6 0 0 0 0 0 0
21 12 0 0 0 0 0 0 0 0 6 3 0 0
38 6 0 0 6 1 1 0 0 0 0 0 0 0
48 6 0 0 0 0 0 0 0 0 0 0 0 0
49 12 0 0 6 0 0 0 0 0 0 0 0 0
fn=heap.PageAllocator.free
103 6 0 0 0 0 0 0 0 0 0 0 0 0
111 6 0 0 6 0 0 0 0 0 0 0 0 0
fn=heap.PageAllocator.resize
0 17 0 0 6 0 0 0 0 0 0 0 0 0
88 12 1 1 0 0 0 0 0 0 6 1 0 0
91 10 0 0 0 0 0 0 0 0 5 3 0 0
fl=/home/nox/.zvm/master/lib/std/heap/arena_allocator.zig
fn=heap.arena_allocator.ArenaAllocator.alloc
0 12823 1 1 7452 0 0 24 1 1 0 0 0 0
164 7 0 0 5 0 0 0 0 0 0 0 0 0
165 18 1 1 0 0 0 0 0 0 0 0 0 0
167 25 0 0 13 0 0 0 0 0 6 0 0 0
170 12 1 1 0 0 0 12 6 6 0 0 0 0
172 18 0 0 0 0 0 6 0 0 0 0 0 0
176 9558 1 1 0 0 0 6372 1 1 0 0 0 0
180 1062 0 0 0 0 0 0 0 0 0 0 0 0
181 3186 0 0 1062 0 0 0 0 0 1062 1 0 0
184 1 1 1 0 0 0 0 0 0 0 0 0 0
186 1074 0 0 1068 0 0 0 0 0 0 0 0 0
187 2136 0 0 0 0 0 0 0 0 0 0 0 0
188 4259 0 0 1062 0 0 0 0 0 0 0 0 0
190 2136 0 0 0 0 0 0 0 0 0 0 0 0
191 1068 0 0 0 0 0 0 0 0 0 0 0 0
193 2142 0 0 6 0 0 0 0 0 1068 32 0 0
194 2124 1 1 0 0 0 0 0 0 0 0 0 0
195 2124 0 0 0 0 0 1062 0 0 0 0 0 0
199 6 1 1 0 0 0 0 0 0 0 0 0 0
201 24 0 0 12 0 0 0 0 0 6 1 0 0
202 1 0 0 0 0 0 1 0 0 0 0 0 0
fn=heap.arena_allocator.ArenaAllocator.free
0 5 0 0 5 0 0 0 0 0 0 0 0 0
240 15 0 0 5 0 0 0 0 0 5 0 0 0
243 30 0 0 5 0 0 0 0 0 5 5 0 0
fn=heap.arena_allocator.ArenaAllocator.resize
0 17 0 0 12 0 0 0 0 0 0 0 0 0
215 21 0 0 7 0 0 0 0 0 7 0 0 0
217 42 1 1 7 0 0 0 0 0 7 0 0 0
223 14 0 0 0 0 0 0 0 0 7 2 0 0
224 6 0 0 0 0 0 2 0 0 0 0 0 0
226 15 0 0 0 0 0 0 0 0 5 2 0 0
227 15 0 0 0 0 0 5 0 0 0 0 0 0
fn=ribboni.main
0 10 5 5 5 0 0 1 0 0 0 0 0 0
19 5 0 0 1 1 1 2 2 2 0 0 0 0
27 5 1 1 0 0 0 4 2 2 0 0 0 0
46 1 0 0 1 0 0 0 0 0 0 0 0 0
47 15 0 0 0 0 0 0 0 0 7 5 0 0
49 6 0 0 6 4 0 0 0 0 0 0 0 0
51 6 0 0 6 0 0 0 0 0 0 0 0 0
52 12 0 0 12 0 0 0 0 0 0 0 0 0
fl=/home/nox/.zvm/master/lib/std/io.zig
fn=io.GenericWriter(fs.File,error{DiskQuota,FileTooBig,InputOutput,NoSpaceLeft,DeviceBusy,InvalidArgument,AccessDenied,BrokenPipe,SystemResources,OperationAborted,NotOpenForWriting,LockViolation,WouldBlock,ConnectionResetByPeer,Unexpected},(function 'write')).typeErasedWriteFn
0 3 0 0 0 0 0 0 0 0 0 0 0 0
358 9 1 1 0 0 0 3 0 0 0 0 0 0
360 24 1 1 12 0 0 6 0 0 0 0 0 0
fn=ribboni.main
324 6 1 1 0 0 0 3 0 0 0 0 0 0
360 8 1 1 4 0 0 2 0 0 0 0 0 0
fl=/home/nox/.zvm/master/lib/std/io/Writer.zig
fn=fmt.formatBuf__anon_101367
0 32 1 1 20 0 0 0 0 0 0 0 0 0
13 10 0 0 2 0 0 2 0 0 0 0 2 1
18 12 2 2 2 0 0 0 0 0 4 0 0 0
19 10 0 0 2 0 0 0 0 0 2 0 0 0
fn=ribboni.main
0 2 0 0 1 0 0 0 0 0 0 0 0 0
13 4 0 0 1 0 0 1 0 0 0 0 1 1
18 6 0 0 0 0 0 0 0 0 3 0 0 0
19 18 2 2 3 0 0 0 0 0 3 0 0 0
fl=/home/nox/.zvm/master/lib/std/linked_list.zig
fn=heap.arena_allocator.ArenaAllocator.alloc
87 12 0 0 6 0 0 6 0 0 0 0 0 0
88 6 0 0 0 0 0 6 0 0 0 0 0 0
fl=/home/nox/.zvm/master/lib/std/math.zig
fn=BlockBuilder.call_v__anon_96218
557 4 0 0 0 0 0 0 0 0 2 0 0 0
fn=array_hash_map.ArrayHashMapUnmanaged(root.Type,void,Support.SimpleHashContext,true).ensureTotalCapacityContext
557 3 0 0 0 0 0 0 0 0 1 0 0 0
1267 6 0 0 0 0 0 0 0 0 1 0 0 0
1278 1 0 0 0 0 0 0 0 0 0 0 0 0
fn=array_list.ArrayListAlignedUnmanaged(*root.Function,null).ensureTotalCapacity
0 1 0 0 0 0 0 1 0 0 0 0 0 0
556 4 1 1 0 0 0 1 0 0 0 0 0 0
557 2 0 0 0 0 0 0 0 0 1 0 0 0
fn=array_list.ArrayListAlignedUnmanaged(ISA.Op__union_95925,null).ensureTotalCapacity
0 3 0 0 0 0 0 3 0 0 0 0 0 0
556 15 1 1 0 0 0 3 0 0 0 0 0 0
557 6 1 1 0 0 0 0 0 0 3 0 0 0
fn=array_list.ArrayListAlignedUnmanaged(root.Global,null).ensureTotalCapacity
0 1 0 0 0 0 0 1 0 0 0 0 0 0
556 4 1 1 0 0 0 1 0 0 0 0 0 0
557 2 0 0 0 0 0 0 0 0 1 0 0 0
fn=array_list.ArrayListAlignedUnmanaged(u8,null).ensureTotalCapacity
0 5 0 0 0 0 0 1 0 0 0 0 0 0
557 12 0 0 0 0 0 0 0 0 6 1 0 0
fn=multi_array_list.MultiArrayList(array_hash_map.ArrayHashMapUnmanaged(root.Type,void,Support.SimpleHashContext,true).Data).ensureTotalCapacity
557 2 0 0 0 0 0 0 0 0 1 0 0 0
fn=ribboni.main
0 22 2 2 10 0 0 7 0 0 0 0 0 0
556 36 4 4 2 0 0 12 0 0 0 0 0 0
557 2097 2 2 0 0 0 0 0 0 1046 1 0 0
fn=root.Type.clone
0 6 1 1 0 0 0 6 0 0 0 0 0 0
556 20 2 2 0 0 0 6 0 0 0 0 0 0
557 6 0 0 0 0 0 0 0 0 4 0 0 0
fl=/home/nox/.zvm/master/lib/std/mem.zig
fn=Fiber.deinit
0 10 1 1 5 0 0 0 0 0 0 0 0 0
4229 8 2 2 0 0 0 0 0 0 4 0 0 0
fn=array_list.ArrayListAlignedUnmanaged(*root.Function,null).ensureTotalCapacity
4229 3 0 0 0 0 0 0 0 0 0 0 0 0
fn=array_list.ArrayListAlignedUnmanaged(ISA.Op__union_95925,null).ensureTotalCapacity
4229 12 0 0 0 0 0 0 0 0 0 0 0 0
fn=array_list.ArrayListAlignedUnmanaged(root.Global,null).ensureTotalCapacity
4229 4 1 1 0 0 0 0 0 0 0 0 0 0
fn=array_list.ArrayListAlignedUnmanaged(u8,null).ensureTotalCapacity
4229 2 0 0 0 0 0 0 0 0 0 0 0 0
fn=heap.PageAllocator.alloc
4329 6 1 1 0 0 0 0 0 0 0 0 0 0
4459 6 0 0 0 0 0 0 0 0 0 0 0 0
fn=heap.PageAllocator.free
4329 6 0 0 0 0 0 0 0 0 0 0 0 0
4459 6 0 0 0 0 0 0 0 0 0 0 0 0
fn=heap.PageAllocator.resize
0 6 0 0 0 0 0 0 0 0 0 0 0 0
4329 12 0 0 0 0 0 0 0 0 0 0 0 0
4459 12 0 0 0 0 0 0 0 0 0 0 0 0
fn=heap.arena_allocator.ArenaAllocator.alloc
0 1062 1 1 0 0 0 1062 0 0 0 0 0 0
4329 2136 0 0 0 0 0 0 0 0 0 0 0 0
4459 1068 0 0 6 0 0 0 0 0 0 0 0 0
fn=multi_array_list.MultiArrayList(array_hash_map.ArrayHashMapUnmanaged(root.Type,void,Support.SimpleHashContext,true).Data).ensureTotalCapacity
0 1 0 0 0 0 0 0 0 0 0 0 0 0
4229 3 0 0 1 0 0 0 0 0 1 1 0 0
fn=ribboni.main
4229 6 0 0 1 0 0 0 0 0 1 1 0 0
fl=/home/nox/.zvm/master/lib/std/mem/Allocator.zig
fn=BlockBuilder.call_v__anon_96218
0 2 0 0 2 0 0 0 0 0 0 0 0 0
86 6 0 0 2 0 0 2 0 0 0 0 2 1
129 6 0 0 6 0 0 0 0 0 0 0 0 0
225 6 0 0 2 0 0 0 0 0 2 0 0 0
fn=Fiber.deinit
98 18 0 0 7 1 0 4 0 0 0 0 5 5
310 7 0 0 0 0 0 0 0 0 4 3 0 0
314 6 0 0 6 0 0 0 0 0 0 0 0 0
fn=array_hash_map.ArrayHashMapUnmanaged(root.Type,void,Support.SimpleHashContext,true).ensureTotalCapacityContext
0 1 1 1 0 0 0 0 0 0 0 0 0 0
86 3 0 0 1 0 0 1 0 0 0 0 1 1
193 1 0 0 1 0 0 0 0 0 0 0 0 0
205 1 0 0 0 0 0 0 0 0 0 0 0 0
225 2 0 0 0 0 0 0 0 0 1 0 0 0
fn=array_list.ArrayListAlignedUnmanaged(*root.Function,null).ensureTotalCapacity
86 4 0 0 1 0 0 1 0 0 0 0 1 1
193 1 0 0 1 0 0 0 0 0 0 0 0 0
220 2 1 1 0 0 0 0 0 0 1 0 0 0
225 2 0 0 0 0 0 0 0 0 1 1 0 0
241 4 1 1 0 0 0 0 0 0 1 1 0 0
310 2 0 0 0 0 0 0 0 0 1 1 0 0
fn=array_list.ArrayListAlignedUnmanaged(ISA.Op__union_95925,null).ensureTotalCapacity
86 12 0 0 3 0 0 3 0 0 0 0 3 1
193 3 0 0 3 0 0 0 0 0 0 0 0 0
220 3 0 0 0 0 0 0 0 0 3 0 0 0
225 6 0 0 0 0 0 0 0 0 3 3 0 0
241 12 0 0 0 0 0 0 0 0 3 2 0 0
310 6 0 0 0 0 0 0 0 0 3 3 0 0
fn=array_list.ArrayListAlignedUnmanaged(root.Global,null).ensureTotalCapacity
86 5 0 0 1 0 0 1 0 0 0 0 1 1
193 1 0 0 1 0 0 0 0 0 0 0 0 0
220 2 0 0 0 0 0 0 0 0 1 0 0 0
225 2 1 1 0 0 0 0 0 0 1 1 0 0
241 4 0 0 0 0 0 0 0 0 1 1 0 0
310 2 0 0 0 0 0 0 0 0 1 1 0 0
fn=array_list.ArrayListAlignedUnmanaged(u8,null).ensureTotalCapacity
0 12 1 1 0 0 0 0 0 0 0 0 0 0
86 4 0 0 1 0 0 2 0 0 0 0 1 1
92 20 0 0 4 0 0 4 0 0 0 0 4 1
193 1 0 0 1 0 0 0 0 0 0 0 0 0
205 1 0 0 0 0 0 0 0 0 0 0 0 0
225 2 0 0 0 0 0 0 0 0 1 0 0 0
241 5 0 0 0 0 0 0 0 0 0 0 0 0
249 4 0 0 4 0 0 0 0 0 0 0 0 0
310 2 0 0 0 0 0 0 0 0 1 1 0 0
fn=heap.arena_allocator.ArenaAllocator.alloc
86 23 0 0 6 1 1 6 1 1 0 0 6 2
92 36 0 0 6 0 0 6 0 0 0 0 6 1
fn=multi_array_list.MultiArrayList(array_hash_map.ArrayHashMapUnmanaged(root.Type,void,Support.SimpleHashContext,true).Data).ensureTotalCapacity
86 3 0 0 1 1 1 1 1 1 0 0 1 1
225 2 0 0 0 0 0 0 0 0 1 0 0 0
310 2 0 0 0 0 0 0 0 0 1 1 0 0
fn=ribboni.main
0 59 9 9 20 0 0 13 0 0 0 0 0 0
86 4182 5 5 1043 0 0 1049 1 1 0 0 1043 20
92 15 2 2 5 0 0 3 0 0 0 0 3 3
98 18 0 0 6 1 0 6 0 0 0 0 6 1
105 14 4 4 13 1 0 0 0 0 0 0 0 0
129 2 0 0 2 0 0 0 0 0 0 0 0 0
220 12 1 1 2 0 0 0 0 0 8 2 0 0
225 2096 1 1 0 0 0 0 0 0 1045 0 0 0
237 4 0 0 1 0 0 0 0 0 2 0 0 0
241 3 0 0 0 0 0 0 0 0 0 0 0 0
310 3 0 0 0 0 0 0 0 0 2 2 0 0
fn=root.Type.clone
0 10 1 1 0 0 0 0 0 0 0 0 0 0
86 10 0 0 2 0 0 2 0 0 0 0 2 1
129 2 0 0 2 0 0 0 0 0 0 0 0 0
220 4 0 0 0 0 0 0 0 0 4 2 0 0
225 4 0 0 0 0 0 0 0 0 2 0 0 0
fn=root.globalNative__anon_96161
86 6 0 0 2 0 0 2 0 0 0 0 2 1
105 6 1 1 6 0 0 0 0 0 0 0 0 0
225 4 0 0 0 0 0 0 0 0 2 0 0 0
fl=/home/nox/.zvm/master/lib/std/multi_array_list.zig
fn=BlockBuilder.call_v__anon_96218
0 10 0 0 8 0 0 0 0 0 0 0 0 0
73 8 0 0 0 0 0 0 0 0 4 0 0 0
fn=FunctionBuilder.typecheck
0 95 0 0 76 0 0 0 0 0 0 0 0 0
73 76 0 0 0 0 0 0 0 0 38 0 0 0
fn=array_hash_map.ArrayHashMapUnmanaged(root.Type,void,Support.SimpleHashContext,true).getIndexAdapted__anon_97323
0 2 0 0 0 0 0 2 0 0 0 0 0 0
73 8 0 0 0 0 0 0 0 0 0 0 0 0
199 6 0 0 0 0 0 0 0 0 0 0 0 0
fn=array_hash_map.ArrayHashMapUnmanaged(root.Type,void,Support.SimpleHashContext,true).put
0 18 0 0 9 0 0 9 0 0 0 0 0 0
73 45 0 0 0 0 0 0 0 0 0 0 0 0
193 9 0 0 9 0 0 0 0 0 0 0 0 0
194 9 0 0 9 0 0 0 0 0 0 0 0 0
196 9 0 0 9 0 0 0 0 0 0 0 0 0
199 27 0 0 0 0 0 0 0 0 0 0 0 0
250 27 1 1 9 0 0 9 0 0 0 0 0 0
fn=multi_array_list.MultiArrayList(array_hash_map.ArrayHashMapUnmanaged(root.Type,void,Support.SimpleHashContext,true).Data).ensureTotalCapacity
0 110 0 0 73 0 0 2 0 0 0 0 0 0
398 70 1 1 0 0 0 60 0 0 0 0 0 0
399 10 1 1 10 0 0 0 0 0 0 0 0 0
400 20 0 0 0 0 0 0 0 0 10 4 0 0
403 32 0 0 0 0 0 0 0 0 0 0 0 0
404 16 0 0 0 0 0 0 0 0 8 7 0 0
426 3 0 0 1 0 0 0 0 0 1 1 0 0
427 1 1 1 1 0 0 0 0 0 0 0 0 0
428 1 0 0 0 0 0 1 0 0 0 0 0 0
539 1 1 1 0 0 0 0 0 0 0 0 0 0
fn=ribboni.main
0 56 6 6 37 0 0 8 0 0 0 0 0 0
73 40 1 1 9 0 0 1 0 0 14 0 0 0
fl=/home/nox/.zvm/master/lib/std/os/linux.zig
fn=os.linux.init_vdso_clock_gettime
0 9 1 1 7 0 0 0 0 0 0 0 0 0
446 3 0 0 1 1 0 0 0 0 1 0 0 0
448 92 0 0 23 1 0 0 0 0 23 6 0 0
449 46 1 1 0 0 0 0 0 0 22 0 0 0
1441 7 0 0 0 0 0 6 0 0 0 0 0 0
1445 1 1 1 0 0 0 1 0 0 0 0 0 0
fn=ribboni.main
0 3 1 1 0 0 0 0 0 0 0 0 0 0
1429 2 0 0 2 1 1 0 0 0 0 0 0 0
1430 4 0 0 0 0 0 0 0 0 2 1 0 0
1431 2 1 1 0 0 0 1 0 0 0 0 1 1
1432 4 0 0 0 0 0 0 0 0 1 0 0 0
fn=start.posixCallMainAndExit
1652 3 1 1 0 0 0 3 0 0 0 0 0 0
1654 2 0 0 0 0 0 1 0 0 0 0 0 0
fl=/home/nox/.zvm/master/lib/std/os/linux/tls.zig
fn=start.posixCallMainAndExit
0 8 2 2 0 0 0 2 1 1 0 0 0 0
331 16 0 0 0 0 0 0 0 0 5 1 0 0
332 52 2 2 9 8 8 0 0 0 19 12 0 0
333 2 1 1 1 0 0 0 0 0 0 0 0 0
334 4 0 0 0 0 0 0 0 0 0 0 0 0
343 2 0 0 0 0 0 0 0 0 1 1 0 0
344 1 0 0 1 0 0 0 0 0 0 0 0 0
348 2 0 0 2 0 0 0 0 0 0 0 0 0
349 1 0 0 1 0 0 0 0 0 0 0 0 0
413 1 0 0 0 0 0 0 0 0 0 0 0 0
418 6 1 1 0 0 0 6 1 1 0 0 0 0
442 3 0 0 0 0 0 0 0 0 0 0 0 0
447 4 0 0 0 0 0 0 0 0 0 0 0 0
462 3 0 0 0 0 0 1 0 0 0 0 0 0
465 2 1 1 1 0 0 0 0 0 0 0 0 0
468 1 0 0 0 0 0 1 0 0 0 0 0 0
472 1 0 0 1 0 0 0 0 0 0 0 0 0
473 1 0 0 0 0 0 1 0 0 0 0 0 0
474 1 0 0 0 0 0 1 0 0 0 0 0 0
477 4 0 0 2 0 0 1 0 0 0 0 0 0
506 4 0 0 0 0 0 0 0 0 1 1 0 0
fl=/home/nox/.zvm/master/lib/std/os/linux/x86_64.zig
fn=fs.File.write
46 15 0 0 0 0 0 0 0 0 0 0 0 0
fn=heap.PageAllocator.alloc
90 36 0 0 0 0 0 0 0 0 0 0 0 0
fn=heap.PageAllocator.free
36 12 0 0 0 0 0 0 0 0 0 0 0 0
fn=ribboni.main
36 7 0 0 0 0 0 0 0 0 0 0 0 0
fn=start.posixCallMainAndExit
27 3 0 0 0 0 0 0 0 0 0 0 0 0
36 4 1 1 1 0 0 0 0 0 0 0 0 0
57 14 2 2 0 0 0 0 0 0 0 0 0 0
fl=/home/nox/.zvm/master/lib/std/posix.zig
fn=fs.File.write
0 35 0 0 0 0 0 0 0 0 0 0 0 0
250 5 0 0 0 0 0 0 0 0 0 0 0 0
251 15 0 0 0 0 0 0 0 0 0 0 0 0
1204 10 0 0 0 0 0 0 0 0 5 0 0 0
1241 35 1 1 5 1 1 0 0 0 10 0 5 1
fn=heap.PageAllocator.alloc
250 6 0 0 0 0 0 0 0 0 0 0 0 0
4710 24 1 1 0 0 0 0 0 0 6 0 0 0
fn=ribboni.main
250 2 0 0 0 0 0 0 0 0 0 0 0 0
fn=start.posixCallMainAndExit
250 1 0 0 0 0 0 0 0 0 0 0 0 0
7021 4 0 0 0 0 0 0 0 0 1 0 0 0
7022 1 0 0 1 0 0 0 0 0 0 0 0 0
7034 3 0 0 0 0 0 2 0 0 0 0 0 0
fl=/home/nox/.zvm/master/lib/std/start.zig
fn=(below main)
250 4 1 1 0 0 0 1 1 1 0 0 0 0
fn=start.posixCallMainAndExit
0 7 0 0 0 0 0 0 0 0 0 0 0 0
449 8 1 1 0 0 0 6 1 1 0 0 0 0
454 1 0 0 1 0 0 0 0 0 0 0 0 0
455 1 0 0 0 0 0 0 0 0 0 0 0 0
457 2 0 0 0 0 0 0 0 0 0 0 0 0
459 276 0 0 69 9 9 0 0 0 69 10 0 0
470 3 0 0 0 0 0 0 0 0 0 0 0 0
471 179 2 2 23 5 5 0 0 0 66 20 0 0
473 1 0 0 1 0 0 0 0 0 0 0 0 0
474 1 0 0 1 0 0 0 0 0 0 0 0 0
491 1 0 0 0 0 0 1 1 1 0 0 0 0
527 3 0 0 0 0 0 0 0 0 1 1 0 0
535 25 0 0 0 0 0 0 0 0 9 5 0 0
536 21 0 0 9 0 0 0 0 0 9 1 0 0
544 3 0 0 1 0 0 0 0 0 0 0 0 0
546 2 0 0 1 0 0 0 0 0 1 0 0 0
569 3 1 1 1 0 0 2 0 0 0 0 0 0
570 2 0 0 0 0 0 2 0 0 0 0 0 0
615 3 0 0 0 0 0 1 0 0 1 1 0 0
fl=/home/nox/.zvm/master/lib/std/testing.zig
fn=ribboni.main
0 1 1 1 1 0 0 0 0 0 0 0 0 0
95 2 0 0 1 0 0 0 0 0 1 0 0 0
fl=/home/nox/.zvm/master/lib/std/time.zig
fn=ribboni.main
0 1 0 0 1 0 0 0 0 0 0 0 0 0
118 2 0 0 0 0 0 0 0 0 2 2 0 0
121 15 2 2 4 0 0 0 0 0 0 0 0 0
fl=/home/nox/projects/ribbon-lang/ribboni/src/bin/ribboni.zig
fn=ribboni.main
0 16 2 2 9 2 0 2 1 1 0 0 0 0
89 7 1 1 0 0 0 6 1 1 0 0 0 0
90 2 1 1 0 0 0 2 2 2 0 0 0 0
96 8 1 1 0 0 0 8 0 0 0 0 0 0
107 6 1 1 2 0 0 1 0 0 1 0 0 0
108 5 1 1 1 0 0 1 0 0 1 0 0 0
115 4 0 0 2 0 0 0 0 0 0 0 0 0
116 1 0 0 1 0 0 0 0 0 0 0 0 0
118 1 0 0 1 0 0 0 0 0 0 0 0 0
123 5 0 0 0 0 0 1 0 0 1 0 0 0
124 8 1 1 2 0 0 2 0 0 1 0 0 0
127 6 0 0 1 0 0 1 0 0 1 0 0 0
128 8 1 1 2 0 0 2 0 0 1 0 0 0
133 22 2 2 9 0 0 13 0 0 0 0 0 0
139 1 0 0 0 0 0 1 0 0 0 0 0 0
149 5 0 0 1 0 0 1 0 0 0 0 0 0
152 1 0 0 0 0 0 1 0 0 0 0 0 0
fl=/home/nox/projects/ribbon-lang/ribboni/src/mod/Builder/BlockBuilder.zig
fn=BlockBuilder.call_v__anon_96218
0 8 2 2 2 0 0 0 0 0 0 0 0 0
89 2 0 0 2 0 0 0 0 0 0 0 0 0
128 2 1 1 0 0 0 0 0 0 2 0 0 0
129 6 0 0 4 0 0 0 0 0 0 0 0 0
155 4 0 0 0 0 0 0 0 0 2 2 0 0
159 4 0 0 0 0 0 0 0 0 2 0 0 0
160 4 0 0 4 0 0 0 0 0 0 0 0 0
306 14 0 0 0 0 0 12 0 0 0 0 0 0
307 4 0 0 4 0 0 0 0 0 0 0 0 0
308 2 0 0 0 0 0 0 0 0 2 0 0 0
313 6 0 0 2 0 0 2 1 1 0 0 0 0
fn=BlockBuilder.i_sub64
0 2 1 1 0 0 0 0 0 0 0 0 0 0
89 2 0 0 2 0 0 0 0 0 0 0 0 0
128 2 0 0 0 0 0 0 0 0 2 0 0 0
129 6 0 0 4 0 0 0 0 0 0 0 0 0
913 12 0 0 2 0 0 2 0 0 2 0 0 0
914 12 0 0 2 0 0 2 0 0 2 0 0 0
915 12 0 0 2 0 0 2 0 0 2 0 0 0
928 30 1 1 10 0 0 10 0 0 0 0 0 0
fn=ribboni.main
0 48 3 3 28 0 0 10 0 0 3 3 0 0
37 3 0 0 3 0 0 0 0 0 0 0 0 0
39 3 0 0 0 0 0 2 0 0 0 0 0 0
45 12 1 1 3 1 1 0 0 0 0 0 0 0
53 12 1 1 6 1 1 0 0 0 0 0 3 2
62 7 0 0 3 0 0 0 0 0 0 0 0 0
71 2 0 0 2 0 0 0 0 0 0 0 0 0
73 10 1 1 4 1 1 6 0 0 0 0 0 0
74 18 2 2 3 0 0 3 0 0 3 0 0 0
76 44 3 3 11 0 0 28 7 7 0 0 0 0
89 6 0 0 6 0 0 0 0 0 0 0 0 0
95 27 1 1 9 0 0 12 0 0 3 0 0 0
97 3 0 0 3 0 0 0 0 0 0 0 0 0
99 6 1 1 0 0 0 0 0 0 3 0 0 0
101 58 0 0 17 0 0 14 0 0 10 6 0 0
102 42 1 1 0 0 0 7 0 0 7 0 0 0
105 18 1 1 0 0 0 3 0 0 3 0 0 0
107 3 0 0 3 0 0 0 0 0 0 0 0 0
108 6 0 0 0 0 0 0 0 0 3 0 0 0
110 3 0 0 3 0 0 0 0 0 0 0 0 0
112 6 0 0 0 0 0 0 0 0 3 0 0 0
116 14 1 1 2 0 0 2 0 0 4 2 0 0
121 18 0 0 0 0 0 0 0 0 0 0 0 0
122 15 0 0 9 1 1 6 0 0 0 0 0 0
128 3 0 0 0 0 0 0 0 0 3 2 0 0
129 8 1 1 6 0 0 0 0 0 0 0 0 0
133 3 1 1 0 0 0 0 0 0 3 3 0 0
134 10 3 3 0 0 0 9 0 0 0 0 0 0
368 6 0 0 2 0 0 0 0 0 2 0 0 0
524 5 0 0 1 0 0 1 0 0 1 0 0 0
526 2 1 1 2 0 0 0 0 0 0 0 0 0
527 2 0 0 2 0 0 0 0 0 0 0 0 0
529 4 0 0 3 0 0 1 0 0 0 0 0 0
894 6 0 0 1 0 0 1 0 0 1 0 0 0
895 6 0 0 1 0 0 1 0 0 1 0 0 0
896 6 0 0 1 0 0 1 0 0 1 0 0 0
1266 6 1 1 1 0 0 1 0 0 1 0 0 0
1267 6 0 0 1 0 0 2 0 0 1 0 0 0
1268 6 1 1 1 0 0 2 0 0 1 0 0 0
fl=/home/nox/projects/ribbon-lang/ribboni/src/mod/Builder/FunctionBuilder.zig
fn=BlockBuilder.call_v__anon_96218
0 16 0 0 6 0 0 6 0 0 0 0 0 0
224 6 0 0 0 0 0 0 0 0 2 0 0 0
228 4 1 1 0 0 0 0 0 0 2 0 0 0
230 4 0 0 0 0 0 0 0 0 2 0 0 0
235 12 0 0 4 0 0 2 0 0 2 0 0 0
239 8 1 1 2 0 0 2 0 0 0 0 0 0
fn=FunctionBuilder.typecheck
0 380 1 1 171 0 0 57 0 0 19 0 0 0
172 140 2 2 0 0 0 0 0 0 35 13 0 0
173 9 1 1 3 0 0 0 0 0 0 0 0 0
175 32 1 1 0 0 0 0 0 0 0 0 0 0
190 80 1 1 32 0 0 0 0 0 16 0 0 0
194 16 0 0 16 0 0 0 0 0 0 0 0 0
196 32 0 0 16 0 0 0 0 0 0 0 0 0
265 133 0 0 0 0 0 114 0 0 0 0 0 0
266 19 0 0 0 0 0 0 0 0 19 0 0 0
268 19 0 0 19 0 0 0 0 0 0 0 0 0
fn=ribboni.main
0 75 5 5 41 0 0 21 0 0 0 0 0 0
26 3 0 0 0 0 0 0 0 0 1 0 0 0
38 12 1 1 1 0 0 0 0 0 5 2 0 0
40 1 0 0 0 0 0 0 0 0 0 0 0 0
43 14 2 2 3 0 0 10 1 1 0 0 0 0
53 6 0 0 1 0 0 3 0 0 1 0 0 0
60 3 1 1 3 0 0 0 0 0 0 0 0 0
63 3 1 1 1 0 0 2 0 0 0 0 0 0
64 1 1 1 1 0 0 0 0 0 0 0 0 0
66 13 0 0 8 0 0 0 0 0 4 1 0 0
67 57 1 1 15 0 0 24 1 1 0 0 0 0
76 4 0 0 1 0 0 3 0 0 0 0 0 0
91 2 0 0 2 0 0 0 0 0 0 0 0 0
93 3 0 0 3 0 0 0 0 0 0 0 0 0
96 5 1 1 4 0 0 0 0 0 0 0 0 0
99 5 0 0 4 0 0 0 0 0 0 0 0 0
105 13 1 1 6 0 0 0 0 0 5 4 0 0
106 12 0 0 4 0 0 0 0 0 4 0 0 0
108 8 0 0 0 0 0 0 0 0 0 0 0 0
109 8 0 0 0 0 0 0 0 0 0 0 0 0
111 8 0 0 4 0 0 4 0 0 0 0 0 0
112 12 1 1 4 0 0 8 0 0 0 0 0 0
113 24 0 0 4 1 1 8 0 0 0 0 0 0
115 4 0 0 0 0 0 4 0 0 0 0 0 0
118 12 0 0 0 0 0 0 0 0 0 0 0 0
121 3 0 0 1 0 0 0 0 0 1 0 0 0
122 2 0 0 0 0 0 0 0 0 1 0 0 0
134 17 1 1 4 0 0 0 0 0 0 0 0 0
162 2 0 0 2 0 0 0 0 0 0 0 0 0
163 4 0 0 0 0 0 0 0 0 2 0 0 0
200 3 0 0 3 0 0 0 0 0 0 0 0 0
201 6 1 1 0 0 0 0 0 0 3 3 0 0
244 4 0 0 4 0 0 0 0 0 0 0 0 0
247 6 0 0 2 0 0 2 0 0 0 0 0 0
fl=/home/nox/projects/ribbon-lang/ribboni/src/mod/Builder/root.zig
fn=BlockBuilder.call_v__anon_96218
332 10 1 1 0 0 0 0 0 0 4 2 0 0
336 12 1 1 4 0 0 0 0 0 0 0 0 0
468 8 0 0 4 0 0 0 0 0 2 0 0 0
472 2 0 0 2 0 0 0 0 0 0 0 0 0
476 12 1 1 6 0 0 0 0 0 2 0 0 0
477 10 0 0 2 0 0 4 0 0 0 0 0 0
621 4 0 0 2 0 0 0 0 0 2 0 0 0
624 2 1 1 2 0 0 0 0 0 0 0 0 0
fn=FunctionBuilder.typecheck
0 60 1 1 0 0 0 0 0 0 0 0 0 0
332 114 1 1 0 0 0 0 0 0 38 2 0 0
336 76 0 0 0 0 0 0 0 0 0 0 0 0
340 38 0 0 0 0 0 0 0 0 19 10 0 0
433 15 0 0 6 0 0 0 0 0 3 0 0 0
437 6 0 0 3 0 0 0 0 0 0 0 0 0
442 3 0 0 0 0 0 0 0 0 0 0 0 0
586 114 1 1 57 0 0 57 0 0 0 0 0 0
587 152 0 0 57 0 0 57 0 0 0 0 0 0
588 19 0 0 0 0 0 0 0 0 0 0 0 0
fn=ribboni.main
0 80 6 6 25 0 0 16 0 0 0 0 0 0
162 2 0 0 1 0 0 0 0 0 1 1 0 0
176 2 0 0 0 0 0 2 1 1 0 0 0 0
177 2 0 0 0 0 0 0 0 0 1 0 0 0
180 32 2 2 0 0 0 8 0 0 8 0 0 0
183 7 2 2 3 0 0 3 2 2 0 0 0 0
184 7 1 1 3 0 0 3 1 1 0 0 0 0
185 7 1 1 3 0 0 3 2 2 0 0 0 0
187 5 0 0 1 0 0 2 1 1 0 0 0 0
188 5 1 1 0 0 0 1 0 0 1 0 0 0
190 5 1 1 1 0 0 2 1 1 0 0 0 0
191 4 0 0 0 0 0 1 0 0 1 0 0 0
199 22 3 3 11 0 0 11 2 2 0 0 0 0
240 3 1 1 1 0 0 0 0 0 0 0 0 0
245 1 0 0 1 0 0 0 0 0 0 0 0 0
255 38 0 0 9 0 0 0 0 0 10 5 0 0
256 126 1 1 45 0 0 36 6 6 9 0 0 0
263 3 1 1 3 0 0 0 0 0 0 0 0 0
269 8 0 0 4 0 0 0 0 0 3 1 0 0
270 4 0 0 0 0 0 0 0 0 2 0 0 0
278 8 1 1 2 0 0 0 0 0 2 0 0 0
283 10 0 0 4 0 0 6 0 0 0 0 0 0
285 10 1 1 2 0 0 4 0 0 0 0 0 0
296 3 2 2 3 0 0 0 0 0 0 0 0 0
304 10 1 1 4 0 0 0 0 0 2 0 0 0
305 3 1 1 1 0 0 0 0 0 1 0 0 0
306 17 2 2 7 0 0 8 0 0 0 0 0 0
316 3 1 1 3 0 0 0 0 0 0 0 0 0
324 2 0 0 0 0 0 0 0 0 1 1 0 0
332 10 1 1 0 0 0 0 0 0 4 0 0 0
336 12 1 1 3 0 0 1 0 0 0 0 0 0
348 99 7 7 29 0 0 28 0 0 9 0 0 0
354 2 1 1 1 0 0 0 0 0 1 1 0 0
359 2 0 0 0 0 0 0 0 0 1 1 0 0
363 12 1 1 2 0 0 3 0 0 2 0 0 0
490 1 0 0 1 0 0 0 0 0 0 0 0 0
491 2 0 0 0 0 0 0 0 0 1 0 0 0
496 2 0 0 0 0 0 2 0 0 0 0 0 0
500 1 0 0 1 0 0 0 0 0 0 0 0 0
504 1 0 0 1 0 0 0 0 0 0 0 0 0
508 1 0 0 0 0 0 0 0 0 1 0 0 0
512 3 0 0 1 0 0 2 0 0 0 0 0 0
fn=root.globalNative__anon_96161
0 16 1 1 12 0 0 0 0 0 0 0 0 0
354 4 0 0 2 0 0 0 0 0 2 0 0 0
446 4 0 0 2 0 0 0 0 0 0 0 0 0
447 4 0 0 0 0 0 0 0 0 2 2 0 0
456 6 1 1 0 0 0 2 0 0 0 0 0 0
459 18 1 1 0 0 0 10 0 0 0 0 0 0
461 4 0 0 2 0 0 0 0 0 0 0 0 0
463 2 0 0 0 0 0 2 1 1 0 0 0 0
464 4 0 0 0 0 0 4 0 0 0 0 0 0
fl=/home/nox/projects/ribbon-lang/ribboni/src/mod/Bytecode/root.zig
fn=Eval.callImpl__anon_102132
367 7049154 0 0 0 0 0 0 0 0 0 0 0 0
fn=Eval.ret__anon_101009
367 14098310 0 0 7049155 0 0 0 0 0 0 0 0 0
fn=Eval.stepCall
367 45819504 1 1 0 0 0 0 0 0 0 0 0 0
fn=ribboni.main
84 2 0 0 1 0 0 0 0 0 0 0 0 0
92 4 1 1 2 0 0 0 0 0 0 0 0 0
367 3 0 0 1 0 0 0 0 0 0 0 0 0
fn=root.Type.clone
0 148 1 1 94 0 0 32 0 0 0 0 0 0
258 70 0 0 0 0 0 60 0 0 0 0 0 0
259 20 0 0 20 2 2 0 0 0 0 0 10 3
282 10 1 1 10 0 0 0 0 0 0 0 0 0
285 4 0 0 4 0 0 0 0 0 0 0 0 0
288 6 0 0 4 0 0 0 0 0 0 0 0 0
291 8 0 0 2 0 0 2 0 0 0 0 0 0
292 10 0 0 4 0 0 2 0 0 0 0 0 0
294 18 1 1 2 0 0 14 1 1 0 0 0 0
fn=root.offsetType
0 209 3 3 133 0 0 38 0 0 0 0 0 0
816 152 1 1 0 0 0 114 1 1 0 0 0 0
817 38 0 0 0 0 0 0 0 0 19 6 0 0
fn=root.typeLayout
0 93 4 4 63 0 0 14 0 0 0 0 0 0
728 72 0 0 0 0 0 54 0 0 0 0 0 0
729 171 1 1 81 0 0 0 0 0 0 0 9 5
730 3 1 1 0 0 0 2 0 0 0 0 0 0
731 3 1 1 0 0 0 2 0 0 0 0 0 0
732 14 0 0 7 1 1 0 0 0 0 0 7 1
767 9 1 1 0 0 0 0 0 0 0 0 0 0
fl=/home/nox/projects/ribbon-lang/ribboni/src/mod/Core/Context.zig
fn=ribboni.main
14 3 1 1 0 0 0 2 0 0 0 0 0 0
fl=/home/nox/projects/ribbon-lang/ribboni/src/mod/Core/Eval.zig
fn=Eval.callImpl__anon_102132
0 84589848 1 1 56393232 0 0 0 0 0 0 0 0 0
471 70491540 1 1 0 0 0 49344078 0 0 0 0 0 0
473 28196616 0 0 14098308 0 0 0 0 0 0 0 0 0
521 21147462 0 0 7049154 0 0 0 0 0 0 0 0 0
522 28196616 1 1 7049154 0 0 0 0 0 0 0 0 0
523 7049154 0 0 0 0 0 0 0 0 0 0 0 0
525 7049154 0 0 0 0 0 0 0 0 0 0 0 0
527 28196616 0 0 0 0 0 0 0 0 14098308 2 0 0
530 7049154 0 0 7049154 0 0 0 0 0 0 0 0 0
531 7049154 0 0 0 0 0 0 0 0 0 0 0 0
532 56393232 0 0 0 0 0 7049154 0 0 0 0 0 0
538 42294924 0 0 7049154 0 0 0 0 0 0 0 0 0
fn=Eval.ret__anon_101009
0 35245775 0 0 7049155 0 0 0 0 0 0 0 0 0
577 42294930 0 0 0 0 0 35245775 0 0 0 0 0 0
578 14098310 1 1 14098310 0 0 0 0 0 0 0 0 0
580 7049155 0 0 7049155 0 0 0 0 0 0 0 0 0
583 7049155 0 0 7049155 0 0 0 0 0 0 0 0 0
586 21147465 0 0 7049155 0 0 0 0 0 0 0 0 0
588 14098310 1 1 0 0 0 7049155 0 0 0 0 0 0
591 28196620 0 0 7049155 0 0 14098310 0 0 0 0 0 0
592 7049155 0 0 7049155 0 0 0 0 0 0 0 0 0
593 56393240 0 0 42294930 0 0 7049155 0 0 0 0 0 0
fn=Eval.stepCall
0 232622123 9 9 21147472 0 0 38770354 0 0 0 0 0 0
40 7 1 1 0 0 0 6 0 0 0 0 0 0
41 1 0 0 1 0 0 0 0 0 0 0 0 0
43 2 0 0 0 0 0 0 0 0 1 0 0 0
48 116311053 1 1 38770351 0 0 0 0 0 38770351 1 0 0
49 77540700 0 0 0 0 0 0 0 0 38770350 0 0 0
54 155081400 0 0 116311050 0 0 0 0 0 38770350 11 0 0
63 38770350 0 0 38770350 6 6 0 0 0 0 0 38770350 38770350
82 35245775 1 1 0 0 0 7049155 0 0 0 0 0 0
108 21147465 1 1 0 0 0 0 0 0 0 0 0 0
439 14098310 0 0 7049155 0 0 0 0 0 0 0 0 0
462 14098308 1 1 0 0 0 0 0 0 0 0 0 0
fl=/home/nox/projects/ribbon-lang/ribboni/src/mod/Core/Fiber.zig
fn=Eval.callImpl__anon_102132
0 56393232 2 2 28196616 0 0 0 0 0 0 0 0 0
543 28196616 0 0 7049154 0 0 0 0 0 0 0 0 0
563 49344078 0 0 0 0 0 0 0 0 14098308 2 0 0
566 14098308 1 1 14098308 0 0 0 0 0 0 0 0 0
573 21147462 0 0 7049154 0 0 0 0 0 0 0 0 0
626 21147462 0 0 7049154 0 0 0 0 0 0 0 0 0
fn=Eval.ret__anon_101009
0 35245775 0 0 21147465 0 0 0 0 0 0 0 0 0
543 21147465 0 0 0 0 0 0 0 0 0 0 0 0
563 84589860 1 1 0 0 0 0 0 0 28196620 4 0 0
573 42294930 1 1 14098310 1 1 0 0 0 0 0 0 0
626 42294930 0 0 14098310 0 0 0 0 0 0 0 0 0
fn=Eval.stepCall
0 186802593 0 0 123360203 0 0 0 0 0 0 0 0 0
376 77540700 1 1 77540700 0 0 0 0 0 0 0 0 0
377 116311050 0 0 77540700 0 0 0 0 0 0 0 0 0
380 38770350 0 0 38770350 0 0 0 0 0 0 0 0 0
381 38770350 0 0 38770350 0 0 0 0 0 0 0 0 0
382 271392450 0 0 0 0 0 155081400 0 0 0 0 0 0
385 659095950 1 1 193851750 0 0 38770350 0 0 0 0 0 0
535 74016123 4 4 24672041 0 0 0 0 0 0 0 0 0
547 190327171 3 3 0 0 0 0 0 0 70491545 14 0 0
548 42294927 2 2 28196618 0 0 0 0 0 0 0 0 0
550 28196618 5 5 28196618 0 0 0 0 0 0 0 0 0
555 88114430 3 3 0 0 0 0 0 0 35245772 6 0 0
558 17622886 3 3 17622886 0 0 0 0 0 0 0 0 0
585 102212740 0 0 28196618 0 0 0 0 0 0 0 0 0
602 70491544 2 2 17622886 0 0 0 0 0 0 0 0 0
608 28196618 0 0 0 0 0 0 0 0 0 0 0 0
610 42294927 0 0 28196618 1 0 0 0 0 0 0 0 0
626 137458512 2 2 45819504 0 0 0 0 0 0 0 0 0
698 3524577 0 0 3524577 0 0 0 0 0 0 0 0 0
705 7049154 0 0 7049154 0 0 0 0 0 0 0 0 0
785 7049155 0 0 7049155 0 0 0 0 0 0 0 0 0
fn=Fiber.deinit
143 1 0 0 1 0 0 0 0 0 0 0 0 0
144 1 0 0 1 0 0 0 0 0 0 0 0 0
145 1 0 0 1 0 0 0 0 0 0 0 0 0
279 4 1 1 0 0 0 3 0 0 0 0 0 0
280 1 0 0 1 0 0 0 0 0 0 0 0 0
281 1 0 0 1 0 0 0 0 0 0 0 0 0
282 4 0 0 3 0 0 0 0 0 0 0 0 0
fn=ribboni.main
0 11 1 1 6 0 0 1 0 0 0 0 0 0
248 3 0 0 2 0 0 1 0 0 0 0 0 0
250 11 2 2 1 0 0 10 0 0 0 0 0 0
264 4096 0 0 0 0 0 0 0 0 1024 4 0 0
265 3072 0 0 0 0 0 3072 385 385 0 0 0 0
268 21 2 2 3 0 0 16 3 2 0 0 0 0
369 2 0 0 2 0 0 0 0 0 0 0 0 0
392 4 0 0 3 0 0 0 0 0 0 0 0 0
397 9 1 1 0 0 0 5 0 0 0 0 0 0
412 1 0 0 1 0 0 0 0 0 0 0 0 0
422 7 0 0 1 0 0 0 0 0 0 0 0 0
429 3 0 0 1 0 0 0 0 0 0 0 0 0
430 3 0 0 1 1 0 0 0 0 0 0 0 0
445 5 1 1 0 0 0 0 0 0 0 0 0 0
462 3 1 1 0 0 0 1 0 0 1 0 0 0
466 5 0 0 0 0 0 2 0 0 0 0 0 0
535 4 0 0 1 0 0 0 0 0 0 0 0 0
539 4 1 1 1 0 0 0 0 0 0 0 0 0
550 2 0 0 2 0 0 0 0 0 0 0 0 0
558 2 0 0 2 0 0 0 0 0 0 0 0 0
585 1 0 0 1 0 0 0 0 0 0 0 0 0
587 1 0 0 1 0 0 0 0 0 0 0 0 0
602 1 0 0 1 0 0 0 0 0 0 0 0 0
604 1 0 0 0 0 0 1 1 1 0 0 0 0
626 2 1 1 2 0 0 0 0 0 0 0 0 0
fl=/home/nox/projects/ribbon-lang/ribboni/src/mod/Core/Stack.zig
fn=Eval.callImpl__anon_102132
0 49344078 2 2 14098308 0 0 14098308 0 0 0 0 0 0
80 21147462 0 0 0 0 0 0 0 0 0 0 0 0
120 35245770 0 0 21147462 0 0 0 0 0 7049154 0 0 0
125 49344078 1 1 0 0 0 42294924 12 12 0 0 0 0
126 7049154 0 0 7049154 0 0 0 0 0 0 0 0 0
135 35245770 0 0 14098308 0 0 14098308 16 16 0 0 0 0
136 14098308 0 0 7049154 0 0 0 0 0 0 0 0 0
152 49344078 0 0 7049154 0 0 0 0 0 7049154 0 0 0
157 21147462 0 0 0 0 0 14098308 0 0 0 0 0 0
fn=Eval.ret__anon_101009
0 7049155 0 0 0 0 0 0 0 0 0 0 0 0
49 28196620 0 0 0 0 0 0 0 0 0 0 0 0
80 56393240 2 2 21147465 0 0 0 0 0 0 0 0 0
fn=Eval.stepCall
49 232622100 1 1 0 0 0 0 0 0 0 0 0 0
80 183278016 2 2 91639008 0 0 0 0 0 0 0 0 0
fn=Fiber.deinit
27 6 0 0 6 0 0 0 0 0 0 0 0 0
fn=ribboni.main
0 7 1 1 6 0 0 0 0 0 0 0 0 0
18 2050 0 0 2050 0 0 0 0 0 0 0 0 0
27 3 1 1 2 0 0 1 0 0 0 0 0 0
80 6 0 0 0 0 0 0 0 0 0 0 0 0
120 16 0 0 12 0 0 0 0 0 4 0 0 0
125 22 0 0 0 0 0 16 1 1 0 0 0 0
126 6 3 3 4 0 0 1 0 0 0 0 0 0
152 25 1 1 6 0 0 0 0 0 4 0 0 0
157 12 0 0 0 0 0 8 0 0 0 0 0 0
172 5 1 1 1 0 0 0 0 0 2 0 0 0
177 6 0 0 2 0 0 2 0 0 0 0 0 0
fl=/home/nox/projects/ribbon-lang/ribboni/src/mod/IO/Decoder.zig
fn=Decoder.decodeUnchecked__anon_102114
0 176228862 3 3 31721195 0 0 38770349 0 0 0 0 0 0
35 796554453 8 8 641473056 0 0 0 0 0 0 0 0 0
62 348933150 1 1 0 0 0 232622100 0 0 0 0 0 0
63 465244200 2 2 348933150 0 0 77540700 0 0 0 0 0 0
88 267867870 7 7 0 0 0 133933935 0 0 0 0 0 0
89 588604398 2 2 52868658 0 0 0 0 0 0 0 0 0
102 172704286 0 0 0 0 0 140983090 1 1 0 0 0 0
103 66966968 1 1 66966968 0 0 0 0 0 0 0 0 0
122 35245770 0 0 0 0 0 7049154 0 0 0 0 0 0
314 137458515 1 1 38770350 6 6 0 0 0 45819505 8395426 38770350 31721196
315 77540705 1 1 28196620 0 0 7049155 0 0 0 0 0 0
316 169179706 1 1 7049154 0 0 81065276 5 5 0 0 0 0
382 14098308 0 0 7049154 0 0 0 0 0 0 0 0 0
387 21147462 0 0 0 0 0 7049154 0 0 0 0 0 0
fl=/home/nox/projects/ribbon-lang/ribboni/src/mod/IO/Encoder.zig
fn=Encoder.encodeInline__anon_106152
59 8 0 0 4 0 0 4 0 0 0 0 0 0
77 12 1 1 0 0 0 8 0 0 0 0 0 0
90 12 1 1 10 0 0 0 0 0 0 0 0 0
98 8 1 1 8 0 0 0 0 0 0 0 0 0
99 10 0 0 0 0 0 2 0 0 2 0 0 0
fn=Encoder.encodeInline__anon_106162
59 4 1 1 2 0 0 2 0 0 0 0 0 0
77 8 1 1 0 0 0 4 0 0 0 0 0 0
90 8 1 1 6 0 0 0 0 0 0 0 0 0
fn=Encoder.encodeInline__anon_106168
59 6 0 0 3 0 0 3 0 0 0 0 0 0
77 6 1 1 0 0 0 4 0 0 0 0 0 0
90 6 0 0 5 0 0 0 0 0 0 0 0 0
98 3 0 0 3 0 0 0 0 0 0 0 0 0
fn=Encoder.encodeInline__anon_106180
59 24 0 0 12 0 0 12 0 0 0 0 0 0
77 24 1 1 0 0 0 16 0 0 0 0 0 0
90 24 0 0 20 0 0 0 0 0 0 0 0 0
98 12 1 1 12 0 0 0 0 0 0 0 0 0
fn=Encoder.encodeInline__anon_109815
0 20 2 2 2 0 0 0 0 0 0 0 0 0
55 12 0 0 6 0 0 6 0 0 0 0 0 0
59 8 0 0 4 0 0 4 0 0 0 0 0 0
70 4 0 0 4 0 0 0 0 0 0 0 0 0
72 14 0 0 0 0 0 0 0 0 8 4 0 0
77 16 1 1 0 0 0 14 0 0 0 0 0 0
90 16 0 0 14 0 0 0 0 0 0 0 0 0
153 4 0 0 0 0 0 0 0 0 2 0 0 0
161 10 0 0 2 0 0 0 0 0 4 0 0 0
162 2 0 0 0 0 0 0 0 0 0 0 0 0
fn=Encoder.encode__anon_101856
0 35 3 3 0 0 0 0 0 0 0 0 0 0
47 30 1 1 0 0 0 20 0 0 0 0 0 0
50 100 0 0 60 0 0 30 0 0 0 0 0 0
59 20 0 0 10 0 0 10 0 0 0 0 0 0
104 10 0 0 10 0 0 0 0 0 0 0 0 0
109 49 3 3 10 7 7 0 0 0 14 4 10 8
110 15 0 0 2 0 0 9 0 0 0 0 0 0
fn=ribboni.main
0 2 0 0 0 0 0 1 0 0 0 0 0 0
24 2 0 0 2 0 0 0 0 0 0 0 0 0
fl=/home/nox/projects/ribbon-lang/ribboni/src/mod/Support.zig
fn=Encoder.encodeInline__anon_109815
110 4 0 0 0 0 0 0 0 0 0 0 0 0
fn=Eval.callImpl__anon_102132
110 49344078 0 0 0 0 0 0 0 0 0 0 0 0
fn=FunctionBuilder.typecheck
0 19 0 0 0 0 0 0 0 0 0 0 0 0
590 57 1 1 0 0 0 19 0 0 0 0 0 0
fn=Support.compare__anon_97357
0 51 1 1 48 0 0 0 0 0 0 0 0 0
330 24 1 1 0 0 0 24 0 0 0 0 0 0
367 275 3 3 0 0 0 0 0 0 0 0 0 0
377 45 0 0 1 0 0 0 0 0 0 0 0 0
386 24 0 0 24 0 0 0 0 0 0 0 0 0
387 24 0 0 24 2 2 0 0 0 0 0 0 0
389 48 0 0 0 0 0 0 0 0 24 0 0 0
391 117 0 0 21 1 1 0 0 0 24 4 21 3
392 81 1 1 41 0 0 0 0 0 0 0 0 0
fn=array_hash_map.ArrayHashMapUnmanaged(root.Type,void,Support.SimpleHashContext,true).checkedHash__anon_98283
0 22 2 2 2 0 0 0 0 0 0 0 0 0
248 62 2 2 0 0 0 0 0 0 0 0 0 0
255 8 0 0 8 0 0 0 0 0 0 0 0 0
260 12 0 0 12 8 8 0 0 0 0 0 0 0
263 12 0 0 12 2 2 0 0 0 0 0 12 5
264 24 2 2 8 1 1 0 0 0 0 0 0 0
298 18 1 1 2 0 0 0 0 0 8 2 0 0
fn=array_hash_map.ArrayHashMapUnmanaged(root.Type,void,Support.SimpleHashContext,true).getIndexAdapted__anon_97323
0 4 0 0 2 0 0 0 0 0 0 0 0 0
590 4 0 0 0 0 0 2 0 0 0 0 0 0
fn=ribboni.main
0 4 0 0 4 0 0 0 0 0 0 0 0 0
110 64 3 3 0 0 0 0 0 0 2 2 0 0
590 6 0 0 0 0 0 3 0 0 0 0 0 0
summary: 12191593256 529 529 3383611712 92 76 1667140565 582 581 1099674853 46334226 77541868 70491619
